403.23
410.64
418.05
425.47
432.89
440.32
447.74
455.17
462.60
470.03
477.46
484.90
492.33
499.77
507.21
514.65
522.09
529.53
536.98
544.42
551.87
559.31
566.76
574.21
581.66
589.11
596.56
604.01
611.46
618.91
626.37
633.82
641.28
648.73
656.19
663.64
671.10
678.55
686.01
693.47
700.93
708.38
715.84
723.30
730.76
738.22
745.68
753.14
760.60
768.06
775.52
782.98
790.44
797.90
805.36
812.82
820.28
827.75
835.21
842.67
850.13
857.59
865.06
872.52
879.98
887.44
894.90
902.37
909.83
917.29
924.75
932.22
939.68
947.14
954.60
962.06
969.53
976.99
984.45
991.91
999.37
1006.83
1014.29
1021.76
1029.22
1036.68
1044.14
1051.60
1059.06
1066.52
1073.98
1081.44
1088.90
1096.36
1103.82
1111.28
1118.74
1126.20
1133.66
1141.11
1148.57
1156.03
1163.49
1170.95
1178.40
1185.86
1193.32
1200.78
1208.23
1215.69
1223.15
1230.60
1238.06
1245.52
1252.97
1260.43
1267.88
1275.34
1282.79
1290.25
1297.71
1305.16
1312.61
1513.76
1521.21
1528.65
1536.10
1543.55
1550.99
1558.43
1565.88
1573.32
1580.76
1588.20
1595.65
1603.09
1610.53
1617.97
1625.41
1632.85
1640.29
1647.73
1655.17
1662.61
1670.05
1677.48
1684.92
1692.36
1699.80
1707.23
1714.67
1722.10
1729.54
1736.97
1744.41
1751.84
1759.27
2071.11
2078.53
2085.94
2093.36
2100.77
2108.18
2115.59
2123.01
2130.42
2137.83
2145.24
2152.65
2160.06
2167.47
2174.88
2182.28
2189.69
2197.10
2204.50
2211.91
2219.31
2226.72
2234.12
2241.53
2248.93
2256.33
2263.73
2271.14
2278.54
2285.94
2293.34
2315.53
2330.33
2337.73
2345.12
2352.52
2359.91
2396.88
