381.00558
388.40921
395.815826
1320.0685
1327.5225
1334.9756
1342.4287
1349.8818
1357.3351
1364.7872
1372.2384
1379.6907
1387.1418
1394.5931
1402.0433
1409.4937
1416.944
1424.3933
1431.8427
1439.292
1446.7404
1454.1888
1461.6372
1469.0847
1476.5321
1483.9796
1491.4261
1498.8727
1506.3192
1766.7084
1774.1418
1781.5743
1789.007
1796.4385
1803.8701
1811.3008
1818.7314
1826.1611
1833.591
1841.0206
1848.4495
1855.8773
1863.3052
1870.733
1878.16
1885.5869
1893.013
1900.439
1907.864
1915.2892
1922.7133
1930.1375
1937.5607
1944.9839
1952.4071
1959.8295
1967.2518
1974.6732
1982.0946
1989.515
1996.9355
2004.355
2011.7745
2019.1931
2026.6118
2034.0304
2041.4471
2048.865
2056.2808
2063.6965
2300.7378
2308.136
2322.9326
2367.3071
2374.7007
2382.0935
2389.486
2411.6604
2419.0513
2426.4402
2433.8303
2441.2183
2448.6064
2455.9944
2463.3816
2470.7678
2478.153
2485.5386
2492.9238